[38;2;255;255;255m@[38;2;255;255;255m@[38;2;255;255;255m@[38;2;255;255;255m_[38;2;255;255;255m@[38;2;252;254;248m@[38;2;254;252;252m@[38;2;255;255;255m_[38;2;255;255;255m@[38;2;255;255;255m@[38;2;255;255;255m@[38;2;255;255;255m@[38;2;255;255;255m@[38;2;254;255;251m@[38;2;253;253;255m@[38;2;255;255;255m@[38;2;255;255;255m@[38;2;255;255;255m@[38;2;255;255;255m@[38;2;255;255;255m@[38;2;255;255;255m@[38;2;255;255;255m@[38;2;255;255;255m@[38;2;255;255;255m@[38;2;255;255;255m@[38;2;255;255;255m@[38;2;255;255;255m@[38;2;255;255;255m@[38;2;255;255;255m@[38;2;255;255;255m@[38;2;255;255;255m@[38;2;255;255;255m@[38;2;255;255;255m@[38;2;255;255;255m@[38;2;255;255;255m@[38;2;255;253;254m@[38;2;254;254;255m@[38;2;253;253;255m@[38;2;254;255;251m@[38;2;255;255;255m@[38;2;255;255;255m@[38;2;255;255;255m@[38;2;255;255;255m@
[38;2;255;255;255m@[38;2;255;255;255m@[38;2;255;255;255m@[38;2;255;255;255m@[38;2;255;255;255m/[38;2;0;32;72m=[38;2;0;32;72m=[38;2;255;255;255m\[38;2;255;255;255m@[38;2;255;255;255m@[38;2;255;255;255m@[38;2;253;255;253m@[38;2;225;128;0mX[38;2;225;128;0mX[38;2;225;128;0mX[38;2;225;128;1mX[38;2;255;255;255m@[38;2;255;255;255m@[38;2;255;255;255m@[38;2;255;255;255m@[38;2;255;255;255m@[38;2;255;255;255m@[38;2;255;255;255m@[38;2;255;255;255m@[38;2;255;255;255m@[38;2;255;255;255m@[38;2;255;255;255m@[38;2;255;255;255m@[38;2;255;255;255m@[38;2;255;255;255m@[38;2;255;255;255m@[38;2;255;255;255m@[38;2;255;255;255m@[38;2;255;255;255m@[38;2;255;255;255m@[38;2;224;128;1mX[38;2;225;128;0mX[38;2;225;128;0mX[38;2;227;129;0mX[38;2;254;254;255m@[38;2;255;255;255m@[38;2;255;255;255m@[38;2;255;255;255m@
[38;2;255;255;255m@[38;2;255;255;255m@[38;2;255;255;255m@[38;2;255;255;255m@[38;2;255;255;255m_[38;2;0;32;72m=[38;2;0;32;72m=[38;2;255;255;255m_[38;2;254;255;253m@[38;2;255;255;255m@[38;2;255;255;255m@[38;2;253;255;253m@[38;2;225;128;0mX[38;2;225;128;0mX[38;2;225;128;0mX[38;2;224;135;0mX[38;2;255;255;255m@[38;2;255;255;255m@[38;2;255;255;255m@[38;2;255;255;255m@[38;2;255;255;255m/[38;2;255;255;255m|[38;2;255;255;255m\[38;2;253;255;251m@[38;2;255;255;255m@[38;2;255;255;255m@[38;2;255;255;255m@[38;2;254;255;251m@[38;2;245;205;72m@[38;2;245;205;72m@[38;2;244;204;73m@[38;2;255;255;255m@[38;2;255;255;255m@[38;2;255;255;255m@[38;2;255;255;255m@[38;2;224;128;1mX[38;2;225;128;0mX[38;2;225;128;0mX[38;2;225;128;0mX[38;2;254;254;255m@[38;2;255;255;255m@[38;2;255;255;255m@[38;2;255;255;255m@
[38;2;255;255;255m@[38;2;255;255;255m@[38;2;255;255;255m@[38;2;255;255;255m_[38;2;1;30;70m=[38;2;0;32;72m=[38;2;0;32;72m=[38;2;255;255;255m_[38;2;254;255;253m@[38;2;255;255;255m@[38;2;255;255;255m@[38;2;253;255;253m@[38;2;225;128;0mX[38;2;225;128;0mX[38;2;225;128;0mX[38;2;224;135;0mX[38;2;255;255;255m@[38;2;255;255;255m@[38;2;255;255;255m@[38;2;253;253;255m@[38;2;255;255;255m_[38;2;68;103;126m*[38;2;68;103;126m*[38;2;158;179;191m$[38;2;255;255;255m@[38;2;255;255;255m@[38;2;255;255;255m@[38;2;245;205;72m@[38;2;245;205;72m@[38;2;245;205;72m@[38;2;245;205;73m@[38;2;255;255;255m@[38;2;255;255;255m@[38;2;255;255;255m@[38;2;255;255;255m@[38;2;224;128;1mX[38;2;225;128;0mX[38;2;225;128;0mX[38;2;225;128;0mX[38;2;254;254;255m@[38;2;255;255;255m@[38;2;255;255;255m@[38;2;255;255;255m@
[38;2;255;255;255m@[38;2;255;255;255m@[38;2;255;255;255m@[38;2;255;255;255m_[38;2;1;30;70m=[38;2;0;32;72m=[38;2;0;32;72m=[38;2;0;32;72m=[38;2;255;255;255m_[38;2;255;255;255m@[38;2;255;255;255m@[38;2;253;255;253m@[38;2;225;128;0mX[38;2;225;128;0mX[38;2;225;128;0mX[38;2;224;135;0mX[38;2;255;255;255m@[38;2;255;255;255m@[38;2;255;255;255m@[38;2;255;255;255m_[38;2;68;103;126m*[38;2;68;103;126m*[38;2;68;103;126m*[38;2;255;255;255m_[38;2;255;255;255m@[38;2;255;255;255m@[38;2;255;255;255m@[38;2;245;205;72m@[38;2;245;205;72m@[38;2;245;205;72m@[38;2;245;205;73m@[38;2;255;255;255m@[38;2;255;255;255m@[38;2;255;255;255m@[38;2;255;255;255m@[38;2;224;128;1mX[38;2;225;128;0mX[38;2;225;128;0mX[38;2;225;128;0mX[38;2;254;254;255m@[38;2;255;255;255m@[38;2;255;255;255m@[38;2;255;255;255m@
[38;2;255;255;255m@[38;2;255;255;255m@[38;2;255;255;255m@[38;2;255;255;255m_[38;2;1;30;70m=[38;2;0;32;72m=[38;2;0;32;72m=[38;2;255;255;255m_[38;2;254;255;253m@[38;2;255;255;255m@[38;2;255;255;255m@[38;2;253;255;253m@[38;2;225;128;0mX[38;2;225;128;0mX[38;2;225;128;0mX[38;2;224;135;0mX[38;2;255;255;255m@[38;2;255;255;255m@[38;2;255;255;255m@[38;2;253;253;255m@[38;2;255;255;255m_[38;2;68;103;126m*[38;2;68;103;126m*[38;2;158;179;191m$[38;2;255;255;255m@[38;2;255;255;255m@[38;2;255;255;255m@[38;2;245;205;72m@[38;2;245;205;72m@[38;2;245;205;72m@[38;2;245;205;73m@[38;2;255;255;255m@[38;2;255;255;255m@[38;2;255;255;255m@[38;2;255;255;255m@[38;2;224;128;1mX[38;2;225;128;0mX[38;2;225;128;0mX[38;2;225;128;0mX[38;2;254;254;255m@[38;2;255;255;255m@[38;2;255;255;255m@[38;2;255;255;255m@
[38;2;255;255;255m@[38;2;255;255;255m@[38;2;255;255;255m@[38;2;255;255;255m@[38;2;255;255;255m_[38;2;0;32;72m=[38;2;0;32;72m=[38;2;255;255;255m_[38;2;254;255;253m@[38;2;255;255;255m@[38;2;255;255;255m@[38;2;253;255;253m@[38;2;225;128;0mX[38;2;225;128;0mX[38;2;225;128;0mX[38;2;224;135;0mX[38;2;255;255;255m@[38;2;255;255;255m@[38;2;255;255;255m@[38;2;255;255;255m@[38;2;255;255;255m\[38;2;255;255;255m|[38;2;255;255;255m/[38;2;254;255;251m@[38;2;255;255;255m@[38;2;255;255;255m@[38;2;255;255;255m@[38;2;251;254;255m@[38;2;244;204;69m@[38;2;245;204;70m@[38;2;251;209;69m@[38;2;255;255;255m@[38;2;255;255;255m@[38;2;255;255;255m@[38;2;255;255;255m@[38;2;224;128;1mX[38;2;225;128;0mX[38;2;225;128;0mX[38;2;225;128;0mX[38;2;254;254;255m@[38;2;255;255;255m@[38;2;255;255;255m@[38;2;255;255;255m@
[38;2;255;255;255m@[38;2;255;255;255m@[38;2;255;255;255m@[38;2;255;255;255m@[38;2;255;255;255m\[38;2;255;255;255m|[38;2;255;255;255m|[38;2;255;255;255m/[38;2;252;254;255m@[38;2;255;255;255m@[38;2;255;255;255m@[38;2;255;254;254m@[38;2;227;131;4mX[38;2;225;128;0mX[38;2;225;128;0mX[38;2;225;128;0mX[38;2;255;254;254m@[38;2;255;255;255m@[38;2;255;255;255m@[38;2;255;255;255m@[38;2;255;255;255m@[38;2;255;255;255m@[38;2;255;255;255m@[38;2;255;255;255m@[38;2;255;255;255m@[38;2;255;255;255m@[38;2;255;255;255m@[38;2;255;255;255m@[38;2;255;255;255m@[38;2;255;255;255m@[38;2;255;255;255m@[38;2;255;255;255m@[38;2;255;255;255m@[38;2;255;255;255m@[38;2;255;255;255m@[38;2;225;123;6mX[38;2;225;128;0mX[38;2;225;128;0mX[38;2;227;129;0mX[38;2;254;254;255m@[38;2;255;255;255m@[38;2;255;255;255m@[38;2;255;255;255m@
[38;2;255;255;255m@[38;2;255;255;255m@[38;2;255;255;255m@[38;2;255;255;255m@[38;2;255;255;255m@[38;2;255;255;255m@[38;2;255;255;255m@[38;2;255;255;255m@[38;2;255;255;255m@[38;2;255;255;255m@[38;2;255;255;255m@[38;2;255;255;255m@[38;2;254;255;253m@[38;2;255;255;255m@[38;2;255;255;255m@[38;2;255;255;255m@[38;2;255;255;255m@[38;2;255;255;255m@[38;2;255;255;255m@[38;2;255;255;255m@[38;2;255;255;255m@[38;2;255;255;255m@[38;2;255;255;255m@[38;2;255;255;255m@[38;2;255;255;255m@[38;2;255;255;255m@[38;2;255;255;255m@[38;2;255;255;255m@[38;2;255;255;255m@[38;2;255;255;255m@[38;2;255;255;255m@[38;2;255;255;255m@[38;2;255;255;255m@[38;2;255;255;255m@[38;2;255;255;255m@[38;2;255;255;255m@[38;2;255;254;254m@[38;2;255;255;255m@[38;2;255;254;254m@[38;2;255;255;255m@[38;2;255;255;255m@[38;2;255;255;255m@[38;2;255;255;255m@
[38;2;255;255;255m@[38;2;255;255;255m@[38;2;255;255;255m@[38;2;255;255;255m@[38;2;255;255;255m@[38;2;255;255;255m@[38;2;255;255;255m@[38;2;255;255;255m@[38;2;255;255;255m@[38;2;255;255;255m@[38;2;255;255;255m@[38;2;255;255;255m@[38;2;255;255;255m@[38;2;255;255;255m@[38;2;255;255;255m@[38;2;255;255;255m@[38;2;255;255;255m@[38;2;255;255;255m@[38;2;255;255;255m@[38;2;255;255;255m@[38;2;255;255;255m@[38;2;255;255;255m@[38;2;255;255;255m@[38;2;255;255;255m@[38;2;255;255;255m@[38;2;255;255;255m@[38;2;255;255;255m@[38;2;255;255;255m@[38;2;255;255;255m@[38;2;255;255;255m@[38;2;255;255;255m@[38;2;255;255;255m@[38;2;255;255;255m@[38;2;255;255;255m@[38;2;255;255;255m@[38;2;255;255;255m@[38;2;255;255;255m@[38;2;255;255;255m@[38;2;255;255;255m@[38;2;255;255;255m@[38;2;255;255;255m@[38;2;255;255;255m@[38;2;255;255;255m@
[38;2;255;255;255m@[38;2;255;255;255m@[38;2;255;255;255m@[38;2;255;255;255m@[38;2;255;255;255m@[38;2;255;255;255m@[38;2;255;255;255m@[38;2;255;255;255m@[38;2;255;255;255m@[38;2;255;255;255m@[38;2;255;255;255m@[38;2;255;255;255m@[38;2;255;255;255m@[38;2;255;255;255m@[38;2;255;255;255m@[38;2;255;255;255m@[38;2;255;255;255m@[38;2;255;255;255m@[38;2;255;255;255m@[38;2;255;255;255m@[38;2;255;255;255m@[38;2;255;255;255m@[38;2;255;255;255m@[38;2;255;255;255m@[38;2;255;255;255m@[38;2;255;255;255m@[38;2;255;255;255m@[38;2;255;255;255m@[38;2;255;255;255m@[38;2;255;255;255m@[38;2;255;255;255m@[38;2;255;255;255m@[38;2;255;255;255m@[38;2;255;255;255m@[38;2;255;255;255m@[38;2;255;255;255m@[38;2;255;255;255m@[38;2;255;255;255m@[38;2;255;255;255m@[38;2;255;255;255m@[38;2;255;255;255m@[38;2;255;255;255m@[38;2;255;255;255m@
[38;2;255;255;255m@[38;2;255;255;255m@[38;2;8;31;63m-[38;2;0;32;72m=[38;2;2;33;73m=[38;2;0;28;69m=[38;2;2;29;74m=[38;2;0;27;66m=[38;2;254;255;253m@[38;2;255;255;255m@[38;2;255;255;255m@[38;2;0;32;72m=[38;2;249;254;255m@[38;2;255;255;255m@[38;2;255;255;255m@[38;2;255;255;255m@[38;2;255;255;255m/[38;2;255;255;255m\[38;2;255;255;255m@[38;2;255;255;255m@[38;2;253;255;253m@[38;2;6;34;65m=[38;2;0;32;72m=[38;2;0;35;78m=[38;2;0;31;70m=[38;2;0;33;75m=[38;2;0;31;70m=[38;2;255;255;255m@[38;2;255;254;254m@[38;2;0;31;76m=[38;2;4;29;60m-[38;2;0;33;69m=[38;2;0;31;71m=[38;2;115;131;150m#[38;2;255;255;255m@[38;2;255;255;255m/[38;2;255;255;255m\[38;2;255;255;255m@[38;2;255;255;255m@[38;2;255;255;255m@[38;2;255;255;255m@[38;2;0;32;72m=[38;2;254;254;254m@
[38;2;254;254;255m@[38;2;0;31;71m=[38;2;0;31;71m=[38;2;253;255;253m@[38;2;255;255;255m@[38;2;255;255;255m@[38;2;255;255;255m@[38;2;0;34;76m=[38;2;1;32;72m=[38;2;254;254;255m@[38;2;255;255;255m@[38;2;0;32;72m=[38;2;249;254;255m@[38;2;255;255;255m@[38;2;255;255;255m@[38;2;255;255;255m_[38;2;2;32;69m=[38;2;0;31;71m=[38;2;255;255;255m_[38;2;255;255;255m@[38;2;0;32;72m=[38;2;3;31;66m=[38;2;255;254;254m@[38;2;255;255;255m@[38;2;255;255;255m@[38;2;255;255;255m@[38;2;255;255;255m@[38;2;255;255;255m@[38;2;255;254;254m@[38;2;0;34;71m=[38;2;255;255;255m@[38;2;255;255;255m@[38;2;255;255;255m@[38;2;255;255;255m@[38;2;255;255;255m_[38;2;0;32;68m=[38;2;1;32;71m=[38;2;255;255;255m_[38;2;255;255;255m@[38;2;255;255;255m@[38;2;254;255;253m@[38;2;0;32;72m=[38;2;254;254;254m@
[38;2;254;255;253m@[38;2;1;33;72m=[38;2;4;35;74m=[38;2;255;254;254m@[38;2;255;255;255m@[38;2;255;255;255m@[38;2;255;255;255m@[38;2;252;254;255m@[38;2;1;32;72m=[38;2;255;254;254m@[38;2;255;255;255m@[38;2;0;32;72m=[38;2;247;254;255m@[38;2;255;255;255m@[38;2;255;255;255m@[38;2;255;255;255m_[38;2;2;32;69m=[38;2;0;31;71m=[38;2;255;255;255m@[38;2;255;255;255m@[38;2;3;31;72m=[38;2;250;253;255m@[38;2;255;255;255m@[38;2;255;255;255m@[38;2;255;255;255m@[38;2;255;255;255m@[38;2;255;255;255m@[38;2;255;255;255m@[38;2;255;254;254m@[38;2;0;34;71m=[38;2;255;255;255m@[38;2;255;255;255m@[38;2;255;255;255m@[38;2;255;255;255m@[38;2;255;255;255m_[38;2;0;30;69m=[38;2;1;32;71m=[38;2;255;255;255m_[38;2;255;255;255m@[38;2;255;255;255m@[38;2;254;255;253m@[38;2;0;32;72m=[38;2;254;254;254m@
[38;2;255;255;255m@[38;2;255;254;254m@[38;2;0;31;71m=[38;2;1;32;71m=[38;2;253;251;251m@[38;2;255;254;254m@[38;2;65;85;105m+[38;2;0;33;74m=[38;2;251;254;255m@[38;2;255;255;255m@[38;2;255;255;255m@[38;2;0;32;72m=[38;2;0;33;74m=[38;2;255;255;255m@[38;2;255;254;254m@[38;2;255;255;255m_[38;2;0;32;72m=[38;2;0;31;71m=[38;2;255;255;255m@[38;2;255;255;255m@[38;2;243;254;255m@[38;2;1;33;69m=[38;2;3;28;64m=[38;2;253;252;250m@[38;2;255;254;254m@[38;2;248;255;253m@[38;2;9;33;68m=[38;2;255;255;255m@[38;2;255;255;255m@[38;2;0;33;74m=[38;2;255;255;255m@[38;2;255;255;255m@[38;2;255;255;255m@[38;2;255;255;255m@[38;2;255;255;255m_[38;2;2;30;65m=[38;2;0;32;72m=[38;2;255;255;255m_[38;2;254;254;254m@[38;2;255;255;255m@[38;2;0;32;68m=[38;2;0;32;72m=[38;2;253;255;254m@
